0 0 0 0 0 0 0 0 0 0 0 0 0 0 0 0 0 0 0 0 0 0 0 0 0 0 0 0 0 0 0 0 0 0 0 0 0 0 0 0 0 0 0 0 0 0 0 0 0 0 0 0 
0 0.000384605 0.000770096 0.00115736 0.00154729 0.00194076 0.00233867 0.0027419 0.00315134 0.00356787 0.00399238 0.00442577 0.00486891 0.00532269 0.005788 0.00626572 0.00675675 0.00726197 0.00778227 0.00831853 0.00887164 0.00944249 0.010032 0.0106409 0.0112703 0.011921 0.0125938 0.0132897 0.0140096 0.0147542 0.0155246 0.0163216 0.0171461 0.017999 0.0188811 0.0197934 0.0207367 0.021712 0.0227201 0.0237618 0.0248382 0.02595 0.0270982 0.0282836 0.0295072 0.0307698 0.0320723 0.0334156 0.0348006 0.0362281 0.0376991 0.0392144 
0 0.000769209 0.00154019 0.00231472 0.00309457 0.00388152 0.00467733 0.00548378 0.00630264 0.0071357 0.00798471 0.00885146 0.00973771 0.0106452 0.0115758 0.0125313 0.0135133 0.0145237 0.0155642 0.0166367 0.0177428 0.0188845 0.0200633 0.0212812 0.0225399 0.0238411 0.0251867 0.0265783 0.0280179 0.0295071 0.0310477 0.0326416 0.0342904 0.0359959 0.03776 0.0395844 0.0414708 0.0434211 0.045437 0.0475203 0.0496727 0.0518961 0.0541922 0.0565627 0.0590096 0.0615344 0.064139 0.0668253 0.0695948 0.0724495 0.0753911 0.0784213 
0 0.00115381 0.00231029 0.00347208 0.00464185 0.00582226 0.00701596 0.00822562 0.0094539 0.0107034 0.0119769 0.013277 0.0146063 0.0159676 0.0173634 0.0187964 0.0202693 0.0217848 0.0233455 0.024954 0.0266131 0.0283254 0.0300935 0.0319201 0.0338078 0.0357594 0.0377775 0.0398647 0.0420237 0.0442572 0.0465678 0.0489581 0.0514309 0.0539888 0.0566344 0.0593705 0.0621996 0.0651245 0.0681477 0.071272 0.0745 0.0778344 0.0812777 0.0848328 0.0885022 0.0922887 0.0961947 0.100223 0.104377 0.108658 0.113069 0.117613 
0 0.00153842 0.00308038 0.00462943 0.00618912 0.00776298 0.00935456 0.0109674 0.0126051 0.0142711 0.015969 0.0177023 0.0194746 0.0212895 0.0231504 0.025061 0.0270247 0.0290451 0.0311258 0.0332702 0.035482 0.0377647 0.0401218 0.0425569 0.0450735 0.0476751 0.0503653 0.0531477 0.0560258 0.0590031 0.0620832 0.0652696 0.0685659 0.0719755 0.0755022 0.0791493 0.0829204 0.0868192 0.0908491 0.0950136 0.0993164 0.103761 0.108351 0.113089 0.11798 0.123027 0.128234 0.133603 0.139139 0.144846 0.150725 0.156782 
0 0.00192302 0.00385048 0.00578678 0.00773637 0.00970367 0.0116931 0.0137091 0.0157561 0.0178385 0.0199608 0.0221273 0.0243426 0.026611 0.0289369 0.0313248 0.0337791 0.0363043 0.0389047 0.0415849 0.0443491 0.0472019 0.0501477 0.0531909 0.0563359 0.0595872 0.0629492 0.0664263 0.0700229 0.0737435 0.0775925 0.0815743 0.0856934 0.0899541 0.094361 0.0989183 0.103631 0.108502 0.113538 0.118742 0.124118 0.129672 0.135407 0.141328 0.147439 0.153745 0.160251 0.16696 0.173877 0.181007 0.188353 0.195921 
0 0.00230763 0.00462057 0.00694412 0.00928361 0.0116443 0.0140316 0.0164507 0.018907 0.0214058 0.0239523 0.026552 0.02921 0.0319318 0.0347226 0.0375877 0.0405324 0.0435621 0.0466821 0.0498976 0.053214 0.0566366 0.0601706 0.0638215 0.0675945 0.0714949 0.0755281 0.0796992 0.0840138 0.088477 0.0930941 0.0978705 0.102812 0.107922 0.113209 0.118675 0.124328 0.130171 0.136211 0.142453 0.148902 0.155563 0.162442 0.169544 0.176874 0.184438 0.19224 0.200287 0.208583 0.217135 0.225946 0.235023 
0 0.00269223 0.00539066 0.00810146 0.0108308 0.0135849 0.01637 0.0191922 0.0220577 0.0249728 0.0279435 0.0309762 0.0340769 0.0372519 0.0405073 0.0438494 0.0472843 0.0508182 0.0544574 0.0582079 0.0620761 0.066068 0.0701899 0.0744479 0.0788483 0.0833973 0.0881009 0.0929655 0.0979972 0.103202 0.108587 0.114157 0.119919 0.125879 0.132043 0.138418 0.145009 0.151823 0.158866 0.166144 0.173664 0.181431 0.189452 0.197733 0.20628 0.215099 0.224196 0.233579 0.243252 0.253223 0.263496 0.274079 
0 0.00307684 0.00616074 0.00925878 0.012378 0.0155255 0.0187084 0.0219336 0.0252083 0.0285395 0.0319343 0.0353998 0.038943 0.0425711 0.0462909 0.0501097 0.0540345 0.0580724 0.0622304 0.0665156 0.070935 0.0754958 0.0802049 0.0850696 0.0900967 0.0952934 0.100667 0.106224 0.111972 0.117918 0.124068 0.130431 0.137013 0.14382 0.150861 0.158143 0.165671 0.173454 0.181499 0.189812 0.1984 0.207271 0.216432 0.22589 0.235651 0.245724 0.256114 0.26683 0.277877 0.289264 0.300997 0.313083 
0 0.00346144 0.00693083 0.0104161 0.0139252 0.017466 0.0210466 0.0246748 0.0283586 0.0321059 0.0359247 0.0398229 0.0438084 0.0478893 0.0520733 0.0563686 0.0607829 0.0653244 0.0700008 0.0748201 0.0797903 0.0849194 0.0902152 0.0956857 0.101339 0.107183 0.113225 0.119473 0.125937 0.132622 0.139538 0.146692 0.154092 0.161746 0.169662 0.177849 0.186313 0.195063 0.204107 0.213452 0.223108 0.233081 0.243379 0.254011 0.264985 0.276307 0.287988 0.300033 0.312452 0.325252 0.338441 0.352027 
0 0.00384605 0.00770091 0.0115734 0.0154723 0.0194065 0.0233847 0.0274158 0.0315086 0.0356719 0.0399145 0.0442453 0.0486729 0.0532064 0.0578543 0.0626257 0.0675293 0.0725738 0.0777682 0.0831211 0.0886415 0.0943382 0.10022 0.106296 0.112574 0.119064 0.125774 0.132713 0.13989 0.147314 0.154993 0.162937 0.171154 0.179653 0.188443 0.197533 0.20693 0.216646 0.226687 0.237063 0.247782 0.258855 0.270288 0.282092 0.294274 0.306845 0.319812 0.333184 0.34697 0.36118 0.375821 0.390903 
0 0.00423065 0.00847098 0.0127307 0.0170194 0.0213469 0.0257227 0.0301567 0.0346584 0.0392375 0.0439038 0.0486669 0.0535365 0.0585222 0.0636338 0.0688809 0.0742732 0.0798205 0.0855322 0.0914183 0.0974882 0.103752 0.110219 0.116899 0.123801 0.130936 0.138313 0.145941 0.153831 0.161992 0.170434 0.179166 0.188198 0.19754 0.207202 0.217192 0.227522 0.238199 0.249236 0.26064 0.272421 0.28459 0.297155 0.310128 0.323516 0.337331 0.351581 0.366276 0.381426 0.397041 0.413131 0.429704 
0 0.00461525 0.00924105 0.0138879 0.0185665 0.0232872 0.0280606 0.0328973 0.0378078 0.0428027 0.0478925 0.0530877 0.0583989 0.0638367 0.0694115 0.075134 0.0810147 0.0870641 0.0932927 0.0997111 0.10633 0.11316 0.120211 0.127494 0.13502 0.142798 0.150841 0.159157 0.167759 0.176655 0.185857 0.195376 0.205222 0.215405 0.225936 0.236825 0.248084 0.259722 0.27175 0.284179 0.29702 0.310282 0.323977 0.338114 0.352705 0.36776 0.383289 0.399304 0.415814 0.43283 0.450363 0.468423 
0 0.00499986 0.0100111 0.0150452 0.0201135 0.0252274 0.0303983 0.0356377 0.0409569 0.0463674 0.0518805 0.0575076 0.0632602 0.0691497 0.0751874 0.0813848 0.0877533 0.0943043 0.101049 0.107999 0.115166 0.122561 0.130196 0.138081 0.146229 0.15465 0.163357 0.17236 0.181671 0.191301 0.201263 0.211566 0.222223 0.233245 0.244643 0.256429 0.268614 0.28121 0.294228 0.307679 0.321575 0.335928 0.350747 0.366046 0.381836 0.398127 0.414932 0.432261 0.450126 0.468539 0.487511 0.507052 
0 0.00538446 0.0107812 0.0162024 0.0216605 0.0271675 0.0327359 0.0383779 0.0441056 0.0499315 0.0558677 0.0619265 0.0681202 0.0744611 0.0809613 0.0876332 0.094489 0.101541 0.108801 0.116282 0.123997 0.131956 0.140173 0.148659 0.157428 0.166491 0.17586 0.185548 0.195567 0.20593 0.216648 0.227734 0.2392 0.251058 0.263321 0.276001 0.28911 0.302661 0.316665 0.331135 0.346084 0.361522 0.377464 0.393921 0.410904 0.428428 0.446503 0.465142 0.484358 0.504162 0.524567 0.545585 
0 0.00576906 0.0115512 0.0173596 0.0232074 0.0291076 0.0350733 0.0411177 0.047254 0.0534951 0.0598542 0.0663444 0.0729789 0.0797707 0.086733 0.0938788 0.101221 0.108774 0.116549 0.12456 0.132821 0.141343 0.150141 0.159228 0.168616 0.178319 0.188349 0.198721 0.209446 0.220539 0.232012 0.243878 0.256151 0.268844 0.281969 0.29554 0.30957 0.324072 0.339059 0.354545 0.370542 0.387063 0.404122 0.421732 0.439906 0.458657 0.477998 0.497942 0.518502 0.539692 0.561525 0.584013 
0 0.00615367 0.0123213 0.0185168 0.0247543 0.0310475 0.0374105 0.0438573 0.0504018 0.057058 0.0638398 0.0707612 0.0778361 0.0850785 0.0925023 0.100122 0.10795 0.116002 0.124292 0.132832 0.141638 0.150723 0.160101 0.169786 0.179792 0.190133 0.200823 0.211876 0.223306 0.235127 0.247353 0.259997 0.273074 0.286598 0.300583 0.315042 0.32999 0.34544 0.361407 0.377904 0.394945 0.412545 0.430718 0.449477 0.468836 0.488809 0.50941 0.530654 0.552554 0.575124 0.598378 0.62233 
0 0.00653827 0.0130913 0.019674 0.0263011 0.0329873 0.0397476 0.0465966 0.0535493 0.0606203 0.0678245 0.0751767 0.0826917 0.0903842 0.0982692 0.106361 0.114675 0.123226 0.132029 0.141098 0.150448 0.160094 0.170051 0.180333 0.190956 0.201934 0.213282 0.225015 0.237147 0.249694 0.26267 0.27609 0.289968 0.304321 0.319161 0.334505 0.350367 0.366762 0.383705 0.40121 0.419292 0.437966 0.457247 0.47715 0.497689 0.518879 0.540736 0.563273 0.586506 0.61045 0.635119 0.660528 
0 0.00692287 0.0138614 0.0208312 0.0278478 0.034927 0.0420844 0.0493356 0.0566962 0.0641819 0.0718082 0.079591 0.0875456 0.0956879 0.104033 0.112598 0.121397 0.130446 0.139761 0.149357 0.15925 0.169456 0.17999 0.190869 0.202106 0.213719 0.225723 0.238134 0.250966 0.264237 0.27796 0.292153 0.306831 0.322008 0.337702 0.353928 0.3707 0.388036 0.40595 0.424459 0.443577 0.46332 0.483705 0.504747 0.526461 0.548863 0.571968 0.595793 0.620354 0.645664 0.671741 0.6986 
0 0.00730747 0.0146314 0.0219883 0.0293945 0.0368666 0.044421 0.0520742 0.0598426 0.0677427 0.075791 0.0840039 0.0923978 0.100989 0.109795 0.118831 0.128114 0.13766 0.147486 0.157609 0.168044 0.178809 0.189919 0.201392 0.213243 0.225489 0.238147 0.251233 0.264763 0.278755 0.293224 0.308187 0.32366 0.33966 0.356203 0.373307 0.390986 0.409259 0.42814 0.447648 0.467797 0.488605 0.510089 0.532264 0.555147 0.578755 0.603103 0.62821 0.65409 0.680761 0.708238 0.73654 
0 0.00769208 0.0154014 0.0231454 0.0309411 0.0388061 0.0467574 0.0548124 0.0629885 0.0713028 0.0797726 0.0884153 0.0972482 0.106288 0.115553 0.12506 0.134826 0.144869 0.155206 0.165854 0.17683 0.188152 0.199836 0.211902 0.224364 0.237242 0.250552 0.264311 0.278537 0.293247 0.308458 0.324188 0.340454 0.357273 0.374663 0.39264 0.411222 0.430427 0.450272 0.470774 0.49195 0.513817 0.536394 0.559696 0.583743 0.60855 0.634135 0.660516 0.687709 0.715733 0.744604 0.774339 
0 0.00807668 0.0161715 0.0243024 0.0324877 0.0407454 0.0490935 0.0575503 0.0661338 0.074862 0.0837532 0.0928253 0.102097 0.111585 0.121309 0.131286 0.141535 0.152073 0.162919 0.174091 0.185606 0.197484 0.209742 0.222398 0.23547 0.248977 0.262937 0.277367 0.292286 0.307711 0.323662 0.340156 0.357211 0.374846 0.393078 0.411925 0.431406 0.451539 0.472342 0.493833 0.51603 0.538952 0.562616 0.58704 0.612243 0.638243 0.665058 0.692706 0.721206 0.750574 0.78083 0.811992 
0 0.00846128 0.0169415 0.0254595 0.0340342 0.0426845 0.0514294 0.0602878 0.0692784 0.0784204 0.0877325 0.0972337 0.106943 0.116879 0.127061 0.137507 0.148238 0.15927 0.170625 0.182319 0.194373 0.206805 0.219634 0.23288 0.24656 0.260694 0.275301 0.290399 0.306008 0.322147 0.338834 0.356089 0.37393 0.392376 0.411446 0.43116 0.451535 0.472592 0.494348 0.516823 0.540036 0.564006 0.588751 0.614291 0.640645 0.667831 0.695868 0.724776 0.754573 0.785279 0.816912 0.849491 
0 0.00884588 0.0177115 0.0266165 0.0355806 0.0446235 0.053765 0.0630248 0.0724225 0.0819779 0.0917106 0.10164 0.111787 0.12217 0.13281 0.143725 0.154936 0.166462 0.178323 0.19054 0.20313 0.216115 0.229514 0.243346 0.257632 0.272391 0.287643 0.303407 0.319704 0.336553 0.353973 0.371985 0.390608 0.409862 0.429766 0.450341 0.471607 0.493582 0.516286 0.53974 0.563963 0.588975 0.614796 0.641445 0.668942 0.697307 0.726559 0.756719 0.787807 0.819841 0.852841 0.886829 
0 0.00923048 0.0184815 0.0277734 0.0371269 0.0465624 0.0561004 0.0657614 0.0755659 0.0855344 0.0956874 0.106045 0.116629 0.127459 0.138555 0.149938 0.161629 0.173647 0.186015 0.198751 0.211877 0.225413 0.23938 0.253797 0.268687 0.284068 0.299963 0.31639 0.333371 0.350927 0.369077 0.387842 0.407244 0.427301 0.448036 0.469468 0.491618 0.514507 0.538154 0.562581 0.587809 0.613857 0.640746 0.668497 0.697131 0.726667 0.757127 0.788531 0.8209 0.854253 0.888613 0.923999 
0 0.00961507 0.0192514 0.0289304 0.0386731 0.0485011 0.0584354 0.0684975 0.0787086 0.0890899 0.0996628 0.110449 0.121469 0.132744 0.144296 0.156146 0.168316 0.180826 0.193698 0.206953 0.220613 0.234698 0.249231 0.264232 0.279723 0.295724 0.312258 0.329346 0.347009 0.365268 0.384144 0.40366 0.423836 0.444693 0.466253 0.488537 0.511567 0.535364 0.559949 0.585343 0.611569 0.638646 0.666598 0.695444 0.725206 0.755906 0.787566 0.820205 0.853847 0.888511 0.92422 0.960995 
0 0.00999967 0.0200214 0.0300873 0.0402193 0.0504396 0.0607702 0.0712331 0.0818505 0.0926444 0.103637 0.11485 0.126306 0.138026 0.150034 0.16235 0.174997 0.187997 0.201373 0.215145 0.229337 0.24397 0.259067 0.274649 0.290739 0.307358 0.32453 0.342275 0.360616 0.379575 0.399174 0.419436 0.440382 0.462034 0.484415 0.507547 0.531451 0.556151 0.581667 0.608023 0.63524 0.663341 0.692347 0.722281 0.753164 0.78502 0.81787 0.851737 0.886642 0.922608 0.959656 0.99781 
0 0.0103843 0.0207914 0.0312441 0.0417654 0.0523779 0.0631046 0.0739683 0.0849918 0.0961979 0.107609 0.119249 0.13114 0.143305 0.155767 0.168549 0.181673 0.195162 0.209039 0.223328 0.23805 0.253229 0.268888 0.285049 0.301735 0.31897 0.336775 0.355174 0.374191 0.393846 0.414164 0.435168 0.45688 0.479323 0.50252 0.526494 0.551268 0.576864 0.603306 0.630617 0.658819 0.687936 0.71799 0.749004 0.781001 0.814004 0.848037 0.883121 0.91928 0.956537 0.994916 1.03444 
0 0.0107689 0.0215613 0.0324009 0.0433113 0.054316 0.0654387 0.0767029 0.0881322 0.0997502 0.11158 0.123647 0.135972 0.148581 0.161496 0.174742 0.188342 0.202319 0.216697 0.2315 0.246751 0.262474 0.278692 0.29543 0.31271 0.330557 0.348994 0.368044 0.387732 0.408081 0.429114 0.450856 0.473329 0.496558 0.520566 0.545377 0.571014 0.597502 0.624864 0.653123 0.682303 0.712428 0.743522 0.775609 0.808711 0.842853 0.878059 0.914352 0.951756 0.990294 1.02999 1.07087 
0 0.0111535 0.0223313 0.0335577 0.0448572 0.056254 0.0677725 0.079437 0.0912718 0.103301 0.11555 0.128042 0.140802 0.153853 0.167221 0.18093 0.195004 0.209468 0.224345 0.239661 0.255439 0.271704 0.28848 0.305792 0.323664 0.34212 0.361185 0.380883 0.401239 0.422277 0.444022 0.466497 0.489727 0.513737 0.538551 0.564193 0.590689 0.618061 0.646336 0.675537 0.705688 0.736815 0.768941 0.802092 0.836291 0.871563 0.907933 0.945424 0.984063 1.02387 1.06488 1.1071 
0 0.0115381 0.0231012 0.0347144 0.0464029 0.0581917 0.0701059 0.0821705 0.0944106 0.106851 0.119518 0.132435 0.145628 0.159122 0.172942 0.187113 0.20166 0.216609 0.231984 0.24781 0.264114 0.280918 0.29825 0.316134 0.334595 0.353657 0.373348 0.393691 0.414711 0.436434 0.458885 0.48209 0.506072 0.530858 0.556473 0.582941 0.610288 0.63854 0.667721 0.697856 0.728971 0.761092 0.794242 0.828448 0.863735 0.900128 0.937653 0.976334 1.0162 1.05727 1.09957 1.14313 
0 0.0119226 0.0238711 0.0358711 0.0479486 0.0601293 0.0724389 0.0849034 0.0975485 0.1104 0.123484 0.136826 0.150451 0.164387 0.178658 0.19329 0.208309 0.223742 0.239613 0.255949 0.272775 0.290118 0.308002 0.326455 0.345502 0.365169 0.385481 0.406465 0.428146 0.45055 0.473704 0.497633 0.522363 0.547919 0.574329 0.601617 0.62981 0.658934 0.689015 0.720078 0.752149 0.785255 0.819422 0.854675 0.891041 0.928546 0.967215 1.00707 1.04815 1.09047 1.13406 1.17894 
0 0.0123072 0.024641 0.0370278 0.0494941 0.0620666 0.0747716 0.0876358 0.100686 0.113948 0.127448 0.141214 0.155272 0.169648 0.184369 0.199461 0.214951 0.230866 0.247232 0.264075 0.281422 0.299301 0.317736 0.336756 0.356386 0.376653 0.397584 0.419205 0.441543 0.464624 0.488476 0.513125 0.538597 0.564919 0.592118 0.62022 0.649253 0.679242 0.710215 0.742198 0.775219 0.809302 0.844477 0.880768 0.918204 0.95681 0.996614 1.03764 1.07992 1.12348 1.16834 1.21453 
0 0.0126918 0.0254109 0.0381844 0.0510396 0.0640037 0.0771039 0.0903675 0.103822 0.117494 0.131411 0.1456 0.160089 0.174905 0.190075 0.205626 0.221586 0.237981 0.25484 0.272189 0.290055 0.308467 0.327451 0.347034 0.367245 0.388109 0.409655 0.43191 0.454901 0.478655 0.5032 0.528564 0.554773 0.581855 0.609837 0.638748 0.668613 0.699461 0.73132 0.764215 0.798176 0.833229 0.869402 0.906723 0.945219 0.984917 1.02584 1.06803 1.1115 1.15629 1.20241 1.2499 
0 0.0130764 0.0261808 0.0393409 0.0525849 0.0659405 0.0794358 0.0930986 0.106957 0.121038 0.135371 0.149984 0.164903 0.180158 0.195776 0.211785 0.228212 0.245087 0.262437 0.28029 0.298674 0.317616 0.337146 0.35729 0.378078 0.399536 0.421694 0.444578 0.468218 0.492641 0.517875 0.543948 0.570889 0.598726 0.627486 0.657197 0.687889 0.719589 0.752325 0.786126 0.821019 0.857033 0.894196 0.932536 0.972082 1.01286 1.0549 1.09824 1.14289 1.18889 1.23626 1.28504 
0 0.013461 0.0269506 0.0404974 0.0541301 0.0678771 0.0817672 0.095829 0.110091 0.124582 0.13933 0.154365 0.169714 0.185407 0.201471 0.217937 0.234831 0.252184 0.270023 0.288378 0.307277 0.326748 0.346821 0.367523 0.388885 0.410934 0.4337 0.45721 0.481494 0.506581 0.532499 0.559277 0.586944 0.615529 0.64506 0.675567 0.707078 0.739623 0.773229 0.807926 0.843743 0.880709 0.918853 0.958204 0.99879 1.04064 1.08379 1.12825 1.17407 1.22127 1.26988 1.31993 
0 0.0138456 0.0277205 0.0416539 0.0556751 0.0698135 0.0840983 0.0985587 0.113224 0.128124 0.143287 0.158743 0.174521 0.190651 0.207162 0.224082 0.241442 0.259271 0.277598 0.296453 0.315864 0.335861 0.356474 0.377733 0.399665 0.422301 0.445671 0.469803 0.494728 0.520473 0.547071 0.574548 0.602936 0.632263 0.66256 0.693855 0.726178 0.759559 0.794028 0.829614 0.866347 0.904256 0.943371 0.983722 1.02534 1.06825 1.11249 1.15808 1.20505 1.25344 1.30328 1.35459 
0 0.0142302 0.0284903 0.0428103 0.0572201 0.0717496 0.0864289 0.101288 0.116356 0.131664 0.147242 0.163119 0.179325 0.195891 0.212846 0.230221 0.248045 0.266348 0.285161 0.304513 0.324435 0.344956 0.366107 0.387917 0.410417 0.433637 0.457607 0.482357 0.507917 0.534318 0.561588 0.58976 0.618863 0.648926 0.679981 0.712058 0.745186 0.779397 0.81472 0.851186 0.888826 0.927668 0.967745 1.00909 1.05172 1.09568 1.141 1.1877 1.23582 1.28539 1.33644 1.38899 
0 0.0146148 0.0292601 0.0439666 0.0587649 0.0736855 0.088759 0.104016 0.119487 0.135203 0.151194 0.167492 0.184125 0.201126 0.218525 0.236353 0.254639 0.273415 0.292712 0.31256 0.332989 0.354032 0.375717 0.398077 0.421141 0.444941 0.469507 0.494871 0.521062 0.548112 0.576051 0.604911 0.634723 0.665517 0.697324 0.730175 0.764101 0.799133 0.835303 0.87264 0.911177 0.950944 0.991973 1.03429 1.07794 1.12294 1.16932 1.21713 1.26638 1.31711 1.36936 1.42314 
0 0.0149993 0.0300299 0.0451229 0.0603095 0.0756211 0.0910887 0.106744 0.122617 0.138741 0.155145 0.171862 0.188922 0.206357 0.224198 0.242477 0.261224 0.280472 0.30025 0.320592 0.341527 0.363088 0.385305 0.408211 0.431836 0.456212 0.48137 0.507343 0.53416 0.561855 0.590458 0.620001 0.650515 0.682032 0.714584 0.748203 0.782919 0.818765 0.855773 0.893973 0.933398 0.97408 1.01605 1.05934 1.10398 1.15001 1.19745 1.24635 1.29672 1.3486 1.40203 1.45703 
0 0.0153839 0.0307997 0.0462791 0.0618541 0.0775564 0.0934179 0.10947 0.125746 0.142276 0.159093 0.176229 0.193715 0.211583 0.229865 0.248594 0.267801 0.287517 0.307776 0.328608 0.350047 0.372123 0.39487 0.418318 0.4425 0.467449 0.493195 0.519772 0.547212 0.575546 0.604806 0.635026 0.666237 0.698472 0.731762 0.76614 0.801639 0.838291 0.876127 0.915182 0.955486 0.997073 1.03997 1.08422 1.12985 1.1769 1.22538 1.27535 1.32683 1.37985 1.43445 1.49065 
0 0.0157685 0.0315694 0.0474353 0.0633984 0.0794914 0.0957466 0.112197 0.128874 0.14581 0.163039 0.180593 0.198504 0.216804 0.235526 0.254703 0.274368 0.294552 0.315288 0.33661 0.358549 0.381138 0.404411 0.428398 0.453134 0.478651 0.504982 0.532159 0.560215 0.589183 0.619096 0.649987 0.681888 0.714833 0.748854 0.783985 0.820258 0.857707 0.896364 0.936263 0.977437 1.01992 1.06374 1.10894 1.15554 1.20359 1.25311 1.30414 1.35671 1.41086 1.46661 1.524 
0 0.0161531 0.0323392 0.0485914 0.0649427 0.0814261 0.0980748 0.114922 0.132 0.149343 0.166983 0.184954 0.203288 0.22202 0.241181 0.260805 0.280925 0.301575 0.322788 0.344596 0.367033 0.390132 0.413927 0.438451 0.463737 0.489818 0.516728 0.5445 0.573168 0.602765 0.633325 0.66488 0.697466 0.731114 0.765859 0.801735 0.838774 0.877012 0.916481 0.957215 0.999249 1.04262 1.08735 1.13348 1.18105 1.23009 1.28063 1.33271 1.38636 1.44161 1.49851 1.55708 
0 0.0165376 0.0331089 0.0497474 0.0664867 0.0833606 0.100403 0.117646 0.135125 0.152874 0.170924 0.189312 0.208069 0.22723 0.246829 0.266899 0.287473 0.308587 0.330273 0.352565 0.375498 0.399104 0.423419 0.448475 0.474307 0.500948 0.528434 0.556796 0.586071 0.616291 0.647492 0.679706 0.712968 0.747313 0.782775 0.819387 0.857185 0.896203 0.936474 0.978035 1.02092 1.06516 1.11079 1.15785 1.20637 1.25639 1.30794 1.36105 1.41577 1.47212 1.53014 1.58987 
0 0.0169222 0.0338786 0.0509034 0.0680307 0.0852947 0.10273 0.12037 0.138249 0.156402 0.174863 0.193666 0.212846 0.232435 0.25247 0.272984 0.294011 0.315587 0.337744 0.360518 0.383944 0.408054 0.432885 0.45847 0.484844 0.512042 0.540098 0.569046 0.598922 0.62976 0.661595 0.694462 0.728395 0.763429 0.799599 0.836941 0.875489 0.915278 0.956343 0.998719 1.04244 1.08755 1.13407 1.18204 1.2315 1.28249 1.33503 1.38917 1.44494 1.50237 1.5615 1.62238 
0 0.0173068 0.0346483 0.0520593 0.0695744 0.0872286 0.105056 0.123093 0.141372 0.15993 0.1788 0.198018 0.217618 0.237635 0.258105 0.279061 0.300539 0.322575 0.345201 0.368455 0.39237 0.416982 0.442325 0.468436 0.495348 0.523097 0.551719 0.581248 0.61172 0.64317 0.675634 0.709146 0.743743 0.779459 0.816331 0.854394 0.893683 0.934234 0.976083 1.01927 1.06382 1.10978 1.15717 1.20605 1.25644 1.30838 1.36191 1.41705 1.47386 1.53236 1.59259 1.65459 
0 0.0176913 0.0354179 0.0532151 0.071118 0.0891621 0.107382 0.125815 0.144494 0.163455 0.182734 0.202365 0.222386 0.242829 0.263732 0.28513 0.307057 0.32955 0.352644 0.376374 0.400776 0.425886 0.451739 0.478371 0.505817 0.534114 0.563297 0.593402 0.624465 0.656521 0.689607 0.723759 0.759012 0.795403 0.832968 0.871743 0.911765 0.953069 0.995693 1.03967 1.08504 1.13184 1.18011 1.22987 1.28118 1.33406 1.38856 1.4447 1.50253 1.56208 1.62339 1.68651 
0 0.0180759 0.0361876 0.0543708 0.0726615 0.0910952 0.109708 0.128535 0.147614 0.166978 0.186665 0.20671 0.227149 0.248018 0.269353 0.29119 0.313564 0.336513 0.360071 0.384275 0.409162 0.434766 0.461125 0.488275 0.516252 0.545091 0.574831 0.605506 0.637154 0.66981 0.703513 0.738297 0.7742 0.811258 0.849508 0.888988 0.929733 0.971782 1.01517 1.05994 1.10611 1.15375 1.20286 1.25351 1.30572 1.35953 1.41498 1.4721 1.53094 1.59153 1.65391 1.71812 
0 0.0184605 0.0369572 0.0555265 0.0742047 0.0930281 0.112033 0.131256 0.150732 0.1705 0.190594 0.211051 0.231908 0.253201 0.274966 0.297241 0.320061 0.343462 0.367483 0.392159 0.417526 0.443623 0.470484 0.498148 0.52665 0.556028 0.586319 0.61756 0.649787 0.683038 0.717349 0.752759 0.789304 0.827022 0.86595 0.906125 0.947586 0.990368 1.03451 1.08005 1.12703 1.17548 1.22544 1.27695 1.33005 1.38478 1.44117 1.49926 1.55909 1.62071 1.68414 1.74943 
0 0.018845 0.0377268 0.0566822 0.0757478 0.0949606 0.114357 0.133975 0.15385 0.174019 0.19452 0.215388 0.236662 0.258378 0.280572 0.303282 0.326546 0.350399 0.374879 0.400024 0.42587 0.452454 0.479815 0.507988 0.537012 0.566924 0.597761 0.629562 0.662363 0.696202 0.731116 0.767145 0.804325 0.842695 0.882291 0.923154 0.96532 1.00883 1.05372 1.10002 1.14779 1.19704 1.24784 1.3002 1.35418 1.40981 1.46713 1.52617 1.58698 1.64961 1.71407 1.78043 
0 0.0192296 0.0384964 0.0578377 0.0772907 0.0968928 0.116681 0.136693 0.156966 0.177536 0.198443 0.219722 0.241411 0.263548 0.28617 0.309315 0.33302 0.357322 0.38226 0.40787 0.434192 0.461261 0.489116 0.517796 0.547337 0.577778 0.609157 0.641511 0.67488 0.709301 0.744812 0.781452 0.81926 0.858273 0.898531 0.940071 0.982934 1.02716 1.07278 1.11984 1.16838 1.21843 1.27005 1.32325 1.3781 1.43461 1.49284 1.55283 1.61461 1.67822 1.74371 1.81111 
0 0.0196141 0.0392659 0.0589932 0.0788335 0.0988246 0.119004 0.13941 0.16008 0.181052 0.202363 0.224052 0.246156 0.268713 0.291761 0.315338 0.339482 0.364232 0.389624 0.415698 0.442491 0.470042 0.498389 0.52757 0.557624 0.588589 0.620504 0.653408 0.687338 0.722334 0.758435 0.79568 0.834107 0.873756 0.914666 0.956876 1.00043 1.04535 1.0917 1.13951 1.18881 1.23965 1.29207 1.3461 1.4018 1.45919 1.51832 1.57923 1.64196 1.70655 1.77304 1.84147 
