0 0 0 0 0 0 0 0 0 0 0 0 0 0 0 0 0 0 0 0 0 0 0 0 0 0 0 0 0 0 0 0 0 0 0 0 0 0 0 0 0 0 0 0 0 0 0 0 0 0 0 0 
0 0.000384615 0.000770117 0.00115739 0.00154733 0.00194081 0.00233873 0.00274197 0.00315142 0.00356796 0.00399248 0.00442587 0.00486902 0.00532281 0.00578812 0.00626586 0.00675689 0.00726212 0.00778242 0.00831868 0.0088718 0.00944265 0.0100321 0.0106411 0.0112705 0.0119212 0.012594 0.0132899 0.0140097 0.0147544 0.0155248 0.0163218 0.0171463 0.0179991 0.0188813 0.0197935 0.0207369 0.0217121 0.0227202 0.0237619 0.0248383 0.0259501 0.0270983 0.0282837 0.0295073 0.0307698 0.0320723 0.0334156 0.0348006 0.0362281 0.0376991 0.0392144 
0 0.000769231 0.00154023 0.00231479 0.00309466 0.00388162 0.00467745 0.00548392 0.0063028 0.00713587 0.00798491 0.00885167 0.00973794 0.0106455 0.0115761 0.0125315 0.0135136 0.014524 0.0155645 0.016637 0.0177431 0.0188848 0.0200636 0.0212815 0.0225402 0.0238414 0.025187 0.0265787 0.0280182 0.0295074 0.031048 0.0326419 0.0342907 0.0359962 0.0377603 0.0395846 0.0414711 0.0434213 0.0454372 0.0475205 0.0496729 0.0518963 0.0541923 0.0565629 0.0590097 0.0615345 0.0641391 0.0668253 0.0695949 0.0724495 0.0753911 0.0784213 
0 0.00115385 0.00231035 0.00347217 0.00464197 0.00582241 0.00701614 0.00822583 0.00945413 0.0107037 0.0119772 0.0132773 0.0146067 0.0159679 0.0173637 0.0187968 0.0202697 0.0217852 0.0233459 0.0249545 0.0266136 0.0283258 0.0300939 0.0319206 0.0338083 0.0357599 0.037778 0.0398652 0.0420242 0.0442576 0.0465682 0.0489586 0.0514313 0.0539892 0.0566348 0.0593709 0.0622 0.0651248 0.068148 0.0712723 0.0745003 0.0778346 0.081278 0.084833 0.0885024 0.0922888 0.0961949 0.100223 0.104377 0.108658 0.113069 0.117613 
0 0.00153846 0.00308047 0.00462956 0.00618928 0.00776318 0.0093548 0.0109677 0.0126054 0.0142714 0.0159694 0.0177027 0.0194751 0.02129 0.0231509 0.0250615 0.0270252 0.0290457 0.0311264 0.0332708 0.0354826 0.0377653 0.0401224 0.0425575 0.0450741 0.0476757 0.050366 0.0531484 0.0560264 0.0590037 0.0620838 0.0652702 0.0685664 0.0719761 0.0755027 0.0791498 0.0829209 0.0868196 0.0908495 0.095014 0.0993167 0.103761 0.108351 0.11309 0.117981 0.123028 0.128234 0.133603 0.139139 0.144846 0.150725 0.156782 
0 0.00192308 0.00385058 0.00578694 0.00773658 0.00970392 0.0116934 0.0137095 0.0157565 0.017839 0.0199613 0.0221278 0.0243431 0.0266115 0.0289375 0.0313255 0.0337798 0.036305 0.0389055 0.0415856 0.0443499 0.0472027 0.0501485 0.0531917 0.0563367 0.059588 0.06295 0.0664271 0.0700237 0.0737443 0.0775932 0.081575 0.0856941 0.0899548 0.0943616 0.098919 0.103631 0.108503 0.113538 0.118742 0.124119 0.129672 0.135407 0.141328 0.14744 0.153746 0.160251 0.16696 0.173877 0.181007 0.188353 0.195921 
0 0.00230769 0.00462069 0.00694431 0.00928385 0.0116446 0.014032 0.0164511 0.0189075 0.0214063 0.0239529 0.0265526 0.0292107 0.0319325 0.0347233 0.0375884 0.0405332 0.0435629 0.0466829 0.0498985 0.0532149 0.0566375 0.0601716 0.0638224 0.0675954 0.0714958 0.075529 0.0797002 0.0840147 0.0884779 0.093095 0.0978714 0.102812 0.107923 0.113209 0.118676 0.124328 0.130172 0.136212 0.142454 0.148902 0.155564 0.162442 0.169544 0.176874 0.184438 0.19224 0.200287 0.208584 0.217135 0.225946 0.235023 
0 0.0026923 0.0053908 0.00810167 0.0108311 0.0135853 0.0163704 0.0191927 0.0220583 0.0249734 0.0279442 0.0309769 0.0340776 0.0372527 0.0405081 0.0438503 0.0472852 0.0508192 0.0544584 0.058209 0.0620771 0.0660691 0.070191 0.074449 0.0788494 0.0833984 0.088102 0.0929666 0.0979982 0.103203 0.108588 0.114158 0.11992 0.12588 0.132044 0.138418 0.14501 0.151824 0.158867 0.166145 0.173664 0.181431 0.189452 0.197733 0.20628 0.215099 0.224197 0.233579 0.243252 0.253223 0.263496 0.274079 
0 0.00307692 0.0061609 0.00925902 0.0123783 0.0155259 0.0187088 0.0219341 0.0252089 0.0285402 0.0319351 0.0354006 0.0389439 0.042572 0.0462919 0.0501107 0.0540356 0.0580735 0.0622315 0.0665167 0.0709362 0.075497 0.0802062 0.0850708 0.0900979 0.0952947 0.100668 0.106225 0.111973 0.117919 0.124069 0.130432 0.137014 0.143822 0.150863 0.158144 0.165672 0.173455 0.1815 0.189812 0.198401 0.207272 0.216433 0.22589 0.235652 0.245724 0.256114 0.26683 0.277877 0.289264 0.300997 0.313083 
0 0.00346153 0.006931 0.0104164 0.0139255 0.0174665 0.0210471 0.0246754 0.0283593 0.0321067 0.0359255 0.0398238 0.0438094 0.0478903 0.0520744 0.0563697 0.0607841 0.0653256 0.070002 0.0748214 0.0797916 0.0849207 0.0902165 0.095687 0.10134 0.107184 0.113226 0.119475 0.125938 0.132623 0.139539 0.146693 0.154093 0.161747 0.169663 0.17785 0.186314 0.195064 0.204108 0.213453 0.223108 0.233081 0.24338 0.254012 0.264985 0.276308 0.287988 0.300033 0.312452 0.325252 0.338441 0.352027 
0 0.00384614 0.0077011 0.0115737 0.0154727 0.019407 0.0233853 0.0274165 0.0315094 0.0356727 0.0399154 0.0442462 0.048674 0.0532075 0.0578555 0.0626269 0.0675305 0.0725751 0.0777695 0.0831225 0.088643 0.0943397 0.100221 0.106297 0.112575 0.119065 0.125775 0.132714 0.139892 0.147315 0.154995 0.162939 0.171156 0.179655 0.188444 0.197534 0.206932 0.216647 0.226688 0.237064 0.247783 0.258855 0.270289 0.282092 0.294275 0.306845 0.319812 0.333184 0.346971 0.36118 0.375821 0.390903 
0 0.00423076 0.00847119 0.012731 0.0170198 0.0213474 0.0257233 0.0301574 0.0346592 0.0392384 0.0439048 0.048668 0.0535376 0.0585234 0.0636351 0.0688822 0.0742746 0.0798219 0.0855337 0.0914198 0.0974898 0.103753 0.11022 0.1169 0.123803 0.130937 0.138314 0.145943 0.153833 0.161994 0.170435 0.179167 0.1882 0.197542 0.207203 0.217193 0.227523 0.238201 0.249237 0.260641 0.272422 0.284591 0.297156 0.310128 0.323517 0.337331 0.351581 0.366276 0.381427 0.397041 0.413131 0.429704 
0 0.00461537 0.00924128 0.0138883 0.0185669 0.0232877 0.0280613 0.0328981 0.0378087 0.0428036 0.0478935 0.0530888 0.0584001 0.063838 0.0694129 0.0751354 0.0810162 0.0870656 0.0932943 0.0997128 0.106332 0.113161 0.120212 0.127496 0.135021 0.1428 0.150842 0.159159 0.16776 0.176657 0.185859 0.195378 0.205223 0.215406 0.225937 0.236826 0.248085 0.259723 0.271752 0.284181 0.297021 0.310283 0.323977 0.338115 0.352705 0.36776 0.38329 0.399304 0.415814 0.43283 0.450363 0.468423 
0 0.00499998 0.0100114 0.0150456 0.020114 0.025228 0.030399 0.0356385 0.0409578 0.0463684 0.0518816 0.0575088 0.0632615 0.0691511 0.0751889 0.0813863 0.0877549 0.0943059 0.101051 0.108001 0.115168 0.122563 0.130197 0.138083 0.146231 0.154652 0.163359 0.172362 0.181673 0.191303 0.201264 0.211568 0.222224 0.233246 0.244644 0.25643 0.268616 0.281211 0.294229 0.30768 0.321576 0.335928 0.350748 0.366047 0.381837 0.398128 0.414932 0.432261 0.450126 0.468539 0.487511 0.507052 
0 0.00538459 0.0107814 0.0162028 0.021661 0.0271682 0.0327367 0.0383787 0.0441066 0.0499326 0.0558689 0.0619278 0.0681216 0.0744625 0.0809628 0.0876348 0.0944906 0.101543 0.108803 0.116284 0.123998 0.131958 0.140175 0.148661 0.15743 0.166492 0.175862 0.18555 0.195569 0.205932 0.21665 0.227736 0.239202 0.25106 0.263323 0.276003 0.289112 0.302662 0.316666 0.331136 0.346085 0.361523 0.377465 0.393921 0.410905 0.428428 0.446503 0.465143 0.484358 0.504162 0.524567 0.545585 
0 0.0057692 0.0115515 0.01736 0.0232079 0.0291082 0.0350741 0.0411186 0.047255 0.0534962 0.0598554 0.0663457 0.0729803 0.0797722 0.0867346 0.0938805 0.101223 0.108775 0.116551 0.124562 0.132823 0.141345 0.150143 0.15923 0.168618 0.178321 0.188351 0.198723 0.209448 0.220541 0.232014 0.24388 0.256153 0.268845 0.28197 0.295541 0.309571 0.324073 0.33906 0.354546 0.370543 0.387064 0.404123 0.421733 0.439907 0.458657 0.477998 0.497942 0.518503 0.539693 0.561525 0.584013 
0 0.00615381 0.0123216 0.0185172 0.0247548 0.0310482 0.0374114 0.0438583 0.0504029 0.0570592 0.0638411 0.0707625 0.0778375 0.08508 0.092504 0.100123 0.107952 0.116004 0.124293 0.132834 0.14164 0.150725 0.160103 0.169788 0.179794 0.190135 0.200825 0.211879 0.223309 0.235129 0.247355 0.259999 0.273076 0.2866 0.300585 0.315044 0.329991 0.345441 0.361408 0.377905 0.394947 0.412547 0.430719 0.449477 0.468836 0.488809 0.509411 0.530654 0.552554 0.575124 0.598378 0.62233 
0 0.00653841 0.0130916 0.0196744 0.0263016 0.032988 0.0397484 0.0465976 0.0535503 0.0606215 0.0678258 0.0751781 0.0826932 0.0903859 0.0982709 0.106363 0.114677 0.123228 0.132031 0.1411 0.15045 0.160096 0.170053 0.180335 0.190958 0.201936 0.213284 0.225017 0.237149 0.249696 0.262672 0.276092 0.28997 0.304322 0.319163 0.334507 0.350369 0.366764 0.383706 0.401211 0.419293 0.437967 0.457248 0.47715 0.497689 0.51888 0.540736 0.563274 0.586507 0.61045 0.635119 0.660528 
0 0.00692302 0.0138617 0.0208316 0.0278484 0.0349278 0.0420853 0.0493366 0.0566973 0.0641831 0.0718096 0.0795924 0.0875472 0.0956896 0.104035 0.1126 0.121399 0.130448 0.139763 0.149359 0.159252 0.169458 0.179992 0.190871 0.202109 0.213722 0.225726 0.238136 0.250968 0.264239 0.277962 0.292155 0.306833 0.32201 0.337704 0.35393 0.370702 0.388038 0.405952 0.42446 0.443578 0.463322 0.483706 0.504748 0.526461 0.548863 0.571969 0.595794 0.620354 0.645665 0.671741 0.6986 
0 0.00730763 0.0146317 0.0219887 0.0293951 0.0368674 0.0444219 0.0520752 0.0598438 0.067744 0.0757924 0.0840054 0.0923994 0.100991 0.109797 0.118833 0.128116 0.137662 0.147488 0.157611 0.168046 0.178811 0.189921 0.201394 0.213245 0.225491 0.238149 0.251235 0.264766 0.278757 0.293226 0.308189 0.323662 0.339662 0.356205 0.373309 0.390988 0.40926 0.428142 0.447649 0.467799 0.488607 0.51009 0.532265 0.555148 0.578755 0.603104 0.62821 0.65409 0.680761 0.708239 0.73654 
0 0.00769223 0.0154017 0.0231458 0.0309418 0.0388068 0.0467583 0.0548135 0.0629896 0.0713041 0.0797741 0.0884169 0.0972498 0.10629 0.115555 0.125062 0.134828 0.144871 0.155208 0.165856 0.176832 0.188154 0.199839 0.211904 0.224367 0.237244 0.250554 0.264313 0.278539 0.293249 0.30846 0.32419 0.340456 0.357275 0.374664 0.392642 0.411224 0.430429 0.450274 0.470775 0.491951 0.513818 0.536395 0.559697 0.583743 0.60855 0.634136 0.660516 0.687709 0.715733 0.744604 0.774339 
0 0.00807683 0.0161718 0.0243029 0.0324883 0.0407461 0.0490945 0.0575514 0.0661349 0.0748633 0.0837546 0.0928269 0.102098 0.111587 0.121311 0.131288 0.141537 0.152075 0.162921 0.174093 0.185608 0.197486 0.209744 0.2224 0.235473 0.24898 0.262939 0.277369 0.292288 0.307714 0.323664 0.340158 0.357213 0.374848 0.393079 0.411927 0.431408 0.451541 0.472344 0.493835 0.516032 0.538953 0.562617 0.587041 0.612244 0.638244 0.665059 0.692707 0.721206 0.750574 0.78083 0.811992 
0 0.00846144 0.0169418 0.0254599 0.0340348 0.0426853 0.0514303 0.0602888 0.0692796 0.0784217 0.087734 0.0972353 0.106945 0.116881 0.127063 0.137509 0.14824 0.159273 0.170627 0.182322 0.194376 0.206808 0.219637 0.232882 0.246562 0.260696 0.275303 0.290402 0.306011 0.322149 0.338837 0.356091 0.373932 0.392378 0.411448 0.431162 0.451537 0.472593 0.494349 0.516825 0.540037 0.564007 0.588752 0.614292 0.640646 0.667831 0.695869 0.724777 0.754574 0.785279 0.816912 0.849491 
0 0.00884604 0.0177118 0.0266169 0.0355812 0.0446243 0.053766 0.0630259 0.0724237 0.0819792 0.0917121 0.101642 0.111789 0.122172 0.132811 0.143727 0.154938 0.166464 0.178326 0.190542 0.203133 0.216117 0.229516 0.243349 0.257635 0.272394 0.287645 0.30341 0.319706 0.336555 0.353975 0.371987 0.39061 0.409864 0.429768 0.450343 0.471608 0.493583 0.516288 0.539742 0.563965 0.588977 0.614797 0.641446 0.668943 0.697308 0.72656 0.75672 0.787807 0.819841 0.852841 0.886829 
0 0.00923064 0.0184818 0.0277739 0.0371275 0.0465632 0.0561013 0.0657625 0.0755671 0.0855357 0.0956889 0.106047 0.116631 0.12746 0.138557 0.14994 0.161631 0.173649 0.186017 0.198753 0.211879 0.225415 0.239382 0.2538 0.268689 0.284071 0.299965 0.316392 0.333374 0.350929 0.369079 0.387845 0.407246 0.427303 0.448038 0.46947 0.49162 0.514508 0.538156 0.562583 0.58781 0.613858 0.640747 0.668498 0.697131 0.726668 0.757128 0.788531 0.8209 0.854254 0.888613 0.923999 
0 0.00961524 0.0192518 0.0289308 0.0386738 0.0485019 0.0584364 0.0684986 0.0787098 0.0890913 0.0996643 0.11045 0.12147 0.132746 0.144298 0.156148 0.168318 0.180828 0.1937 0.206955 0.220615 0.234701 0.249233 0.264234 0.279725 0.295727 0.312261 0.329349 0.347011 0.36527 0.384147 0.403662 0.423838 0.444695 0.466255 0.488539 0.511569 0.535365 0.55995 0.585345 0.61157 0.638648 0.666599 0.695445 0.725207 0.755907 0.787566 0.820206 0.853847 0.888511 0.92422 0.960995 
0 0.00999983 0.0200217 0.0300877 0.0402199 0.0504404 0.0607711 0.0712342 0.0818518 0.0926458 0.103638 0.114852 0.126307 0.138028 0.150036 0.162352 0.174999 0.188 0.201375 0.215148 0.22934 0.243973 0.259069 0.274652 0.290741 0.307361 0.324532 0.342277 0.360618 0.379577 0.399176 0.419438 0.440384 0.462036 0.484417 0.507548 0.531453 0.556152 0.581669 0.608024 0.635241 0.663342 0.692348 0.722282 0.753165 0.785021 0.817871 0.851737 0.886642 0.922608 0.959656 0.99781 
0 0.0103844 0.0207917 0.0312446 0.041766 0.0523787 0.0631055 0.0739693 0.084993 0.0961992 0.107611 0.119251 0.131142 0.143307 0.155769 0.168551 0.181675 0.195164 0.209041 0.22333 0.238052 0.253231 0.26889 0.285051 0.301737 0.318972 0.336777 0.355177 0.374193 0.393849 0.414167 0.43517 0.456882 0.479325 0.502522 0.526496 0.551269 0.576866 0.603308 0.630618 0.658821 0.687937 0.717991 0.749005 0.781002 0.814005 0.848037 0.883121 0.919281 0.956538 0.994916 1.03444 
0 0.010769 0.0215616 0.0324014 0.0433119 0.0543168 0.0654396 0.076704 0.0881334 0.0997515 0.111582 0.123648 0.135974 0.148583 0.161498 0.174744 0.188344 0.202321 0.216699 0.231502 0.246753 0.262476 0.278694 0.295432 0.312713 0.330559 0.348996 0.368047 0.387734 0.408083 0.429116 0.450858 0.473331 0.49656 0.520568 0.545379 0.571016 0.597504 0.624865 0.653124 0.682304 0.71243 0.743523 0.77561 0.808712 0.842854 0.878059 0.914352 0.951756 0.990295 1.02999 1.07087 
0 0.0111536 0.0223316 0.0335582 0.0448578 0.0562547 0.0677734 0.079438 0.091273 0.103303 0.115551 0.128043 0.140803 0.153855 0.167223 0.180932 0.195006 0.20947 0.224347 0.239663 0.255441 0.271706 0.288482 0.305794 0.323666 0.342122 0.361187 0.380886 0.401242 0.42228 0.444024 0.466499 0.489729 0.513739 0.538553 0.564195 0.59069 0.618063 0.646337 0.675538 0.705689 0.736816 0.768942 0.802092 0.836291 0.871563 0.907933 0.945425 0.984063 1.02387 1.06488 1.1071 
0 0.0115382 0.0231015 0.0347149 0.0464035 0.0581925 0.0701068 0.0821715 0.0944118 0.106853 0.119519 0.132436 0.14563 0.159124 0.172944 0.187115 0.201662 0.216611 0.231986 0.247813 0.264116 0.280921 0.298252 0.316136 0.334597 0.35366 0.37335 0.393693 0.414713 0.436436 0.458887 0.482092 0.506074 0.53086 0.556474 0.582943 0.61029 0.638541 0.667722 0.697857 0.728973 0.761093 0.794243 0.828449 0.863736 0.900129 0.937653 0.976334 1.0162 1.05727 1.09957 1.14313 
0 0.0119228 0.0238714 0.0358716 0.0479492 0.06013 0.0724398 0.0849044 0.0975497 0.110401 0.123485 0.136827 0.150453 0.164388 0.178659 0.193292 0.208311 0.223744 0.239615 0.255951 0.272777 0.29012 0.308005 0.326458 0.345504 0.365171 0.385483 0.406467 0.428148 0.450552 0.473706 0.497635 0.522365 0.547921 0.574331 0.601619 0.629812 0.658936 0.689016 0.720079 0.75215 0.785256 0.819423 0.854676 0.891042 0.928546 0.967215 1.00707 1.04815 1.09047 1.13406 1.17894 
0 0.0123074 0.0246413 0.0370282 0.0494947 0.0620673 0.0747724 0.0876367 0.100687 0.113949 0.12745 0.141216 0.155273 0.169649 0.18437 0.199463 0.214953 0.230868 0.247234 0.264077 0.281424 0.299303 0.317738 0.336758 0.356388 0.376655 0.397586 0.419207 0.441545 0.464626 0.488478 0.513127 0.538599 0.564921 0.59212 0.620222 0.649254 0.679244 0.710217 0.7422 0.77522 0.809303 0.844478 0.880769 0.918204 0.956811 0.996614 1.03764 1.07992 1.12348 1.16834 1.21453 
0 0.012692 0.0254112 0.0381848 0.0510401 0.0640043 0.0771047 0.0903684 0.103823 0.117495 0.131412 0.145602 0.160091 0.174907 0.190076 0.205628 0.221587 0.237983 0.254842 0.272191 0.290057 0.308469 0.327453 0.347036 0.367247 0.388111 0.409657 0.431912 0.454903 0.478657 0.503202 0.528566 0.554775 0.581857 0.609839 0.638749 0.668615 0.699463 0.731321 0.764217 0.798177 0.83323 0.869403 0.906724 0.945219 0.984917 1.02585 1.06803 1.1115 1.15629 1.20241 1.2499 
0 0.0130765 0.026181 0.0393413 0.0525854 0.0659412 0.0794365 0.0930995 0.106958 0.12104 0.135373 0.149985 0.164905 0.180159 0.195777 0.211786 0.228214 0.245089 0.262439 0.280292 0.298676 0.317618 0.337148 0.357292 0.37808 0.399538 0.421696 0.44458 0.46822 0.492643 0.517877 0.54395 0.570891 0.598727 0.627487 0.657199 0.687891 0.71959 0.752326 0.786127 0.82102 0.857034 0.894197 0.932537 0.972083 1.01286 1.0549 1.09824 1.14289 1.18889 1.23626 1.28504 
0 0.0134611 0.0269509 0.0404978 0.0541306 0.0678778 0.081768 0.0958298 0.110092 0.124583 0.139331 0.154366 0.169715 0.185408 0.201473 0.217938 0.234833 0.252186 0.270025 0.28838 0.307278 0.32675 0.346823 0.367525 0.388887 0.410936 0.433701 0.457212 0.481496 0.506583 0.532501 0.559279 0.586946 0.615531 0.645062 0.675569 0.70708 0.739624 0.77323 0.807927 0.843744 0.88071 0.918854 0.958204 0.998791 1.04064 1.08379 1.12825 1.17407 1.22127 1.26988 1.31993 
0 0.0138457 0.0277207 0.0416542 0.0556756 0.0698141 0.084099 0.0985595 0.113225 0.128125 0.143288 0.158744 0.174523 0.190652 0.207163 0.224084 0.241444 0.259273 0.2776 0.296454 0.315866 0.335863 0.356476 0.377734 0.399667 0.422303 0.445673 0.469805 0.494729 0.520475 0.547072 0.57455 0.602937 0.632265 0.662561 0.693856 0.726179 0.759561 0.794029 0.829615 0.866348 0.904256 0.943371 0.983722 1.02534 1.06825 1.11249 1.15808 1.20505 1.25344 1.30328 1.35459 
0 0.0142303 0.0284905 0.0428106 0.0572205 0.0717502 0.0864295 0.101289 0.116357 0.131665 0.147243 0.16312 0.179326 0.195892 0.212848 0.230222 0.248046 0.26635 0.285163 0.304515 0.324437 0.344958 0.366109 0.387919 0.410419 0.433639 0.457609 0.482359 0.507919 0.534319 0.56159 0.589762 0.618864 0.648928 0.679983 0.712059 0.745188 0.779398 0.814721 0.851187 0.888826 0.927669 0.967746 1.00909 1.05172 1.09568 1.141 1.1877 1.23582 1.28539 1.33644 1.38899 
0 0.0146149 0.0292603 0.0439669 0.0587653 0.073686 0.0887596 0.104017 0.119488 0.135204 0.151195 0.167493 0.184127 0.201128 0.218527 0.236354 0.25464 0.273417 0.292713 0.312561 0.332991 0.354033 0.375719 0.398078 0.421143 0.444943 0.469509 0.494872 0.521063 0.548113 0.576053 0.604913 0.634724 0.665518 0.697325 0.730176 0.764102 0.799134 0.835304 0.872641 0.911178 0.950945 0.991974 1.03429 1.07794 1.12294 1.16933 1.21713 1.26638 1.31711 1.36936 1.42314 
0 0.0149994 0.0300301 0.0451232 0.0603099 0.0756216 0.0910893 0.106744 0.122618 0.138741 0.155146 0.171863 0.188923 0.206358 0.2242 0.242478 0.261226 0.280473 0.300252 0.320593 0.341528 0.363089 0.385307 0.408212 0.431837 0.456213 0.481372 0.507344 0.534162 0.561856 0.590459 0.620002 0.650516 0.682034 0.714586 0.748204 0.78292 0.818766 0.855773 0.893974 0.933399 0.974081 1.01605 1.05934 1.10398 1.15001 1.19745 1.24635 1.29672 1.3486 1.40203 1.45703 
0 0.015384 0.0307999 0.0462794 0.0618544 0.0775568 0.0934184 0.109471 0.125747 0.142277 0.159094 0.17623 0.193716 0.211584 0.229866 0.248595 0.267802 0.287519 0.307777 0.32861 0.350048 0.372125 0.394871 0.418319 0.442502 0.46745 0.493197 0.519774 0.547213 0.575547 0.604808 0.635027 0.666238 0.698473 0.731763 0.766141 0.80164 0.838291 0.876128 0.915182 0.955487 0.997073 1.03998 1.08422 1.12985 1.1769 1.22539 1.27535 1.32683 1.37985 1.43445 1.49065 
0 0.0157686 0.0315696 0.0474355 0.0633988 0.0794918 0.0957471 0.112197 0.128874 0.145811 0.16304 0.180594 0.198504 0.216805 0.235527 0.254704 0.274369 0.294553 0.31529 0.336611 0.35855 0.38114 0.404412 0.4284 0.453135 0.478652 0.504983 0.53216 0.560216 0.589184 0.619097 0.649988 0.681889 0.714834 0.748855 0.783986 0.820259 0.857708 0.896365 0.936264 0.977438 1.01992 1.06374 1.10894 1.15555 1.20359 1.25311 1.30414 1.35671 1.41086 1.46661 1.524 
0 0.0161531 0.0323393 0.0485916 0.064943 0.0814265 0.0980753 0.114922 0.132001 0.149343 0.166984 0.184955 0.203289 0.22202 0.241182 0.260806 0.280926 0.301576 0.322789 0.344597 0.367034 0.390133 0.413928 0.438452 0.463738 0.489819 0.516729 0.544501 0.573169 0.602766 0.633326 0.664881 0.697466 0.731115 0.76586 0.801735 0.838775 0.877012 0.916481 0.957216 0.999249 1.04262 1.08735 1.13348 1.18105 1.23009 1.28063 1.33271 1.38636 1.44161 1.49851 1.55708 
0 0.0165377 0.033109 0.0497476 0.066487 0.0833609 0.100403 0.117647 0.135126 0.152874 0.170925 0.189312 0.20807 0.227231 0.24683 0.266899 0.287474 0.308588 0.330274 0.352566 0.375499 0.399105 0.42342 0.448476 0.474308 0.500949 0.528435 0.556797 0.586072 0.616292 0.647492 0.679707 0.712969 0.747314 0.782776 0.819388 0.857186 0.896203 0.936475 0.978035 1.02092 1.06516 1.11079 1.15785 1.20637 1.25639 1.30794 1.36105 1.41577 1.47212 1.53014 1.58987 
0 0.0169223 0.0338787 0.0509035 0.0680309 0.085295 0.10273 0.12037 0.13825 0.156403 0.174864 0.193667 0.212846 0.232436 0.252471 0.272985 0.294012 0.315588 0.337745 0.360519 0.383945 0.408055 0.432886 0.458471 0.484845 0.512043 0.540098 0.569047 0.598923 0.629761 0.661596 0.694462 0.728395 0.76343 0.7996 0.836942 0.875489 0.915278 0.956343 0.99872 1.04244 1.08755 1.13407 1.18204 1.2315 1.28249 1.33503 1.38917 1.44494 1.50237 1.5615 1.62238 
0 0.0173068 0.0346484 0.0520594 0.0695746 0.0872288 0.105057 0.123093 0.141372 0.15993 0.1788 0.198018 0.217618 0.237636 0.258105 0.279062 0.30054 0.322575 0.345202 0.368455 0.392371 0.416982 0.442326 0.468436 0.495349 0.523098 0.55172 0.581249 0.611721 0.643171 0.675635 0.709147 0.743744 0.77946 0.816332 0.854394 0.893683 0.934234 0.976083 1.01927 1.06382 1.10978 1.15717 1.20605 1.25644 1.30838 1.36191 1.41705 1.47386 1.53236 1.59259 1.65459 
0 0.0176914 0.035418 0.0532152 0.0711182 0.0891623 0.107383 0.125815 0.144494 0.163455 0.182734 0.202366 0.222386 0.24283 0.263733 0.28513 0.307058 0.329551 0.352644 0.376374 0.400777 0.425886 0.451739 0.478371 0.505818 0.534115 0.563298 0.593403 0.624465 0.656521 0.689607 0.723759 0.759012 0.795403 0.832969 0.871744 0.911765 0.95307 0.995693 1.03967 1.08504 1.13184 1.18011 1.22987 1.28118 1.33406 1.38856 1.4447 1.50253 1.56208 1.62339 1.68651 
0 0.0180759 0.0361877 0.0543709 0.0726616 0.0910954 0.109708 0.128536 0.147614 0.166978 0.186665 0.20671 0.227149 0.248018 0.269353 0.29119 0.313565 0.336513 0.360071 0.384276 0.409162 0.434767 0.461126 0.488276 0.516252 0.545092 0.574831 0.605507 0.637154 0.669811 0.703513 0.738297 0.7742 0.811258 0.849509 0.888988 0.929734 0.971782 1.01517 1.05994 1.10611 1.15375 1.20286 1.25351 1.30572 1.35953 1.41498 1.4721 1.53094 1.59153 1.65391 1.71812 
0 0.0184605 0.0369573 0.0555266 0.0742048 0.0930282 0.112033 0.131256 0.150733 0.1705 0.190594 0.211051 0.231908 0.253201 0.274966 0.297241 0.320061 0.343463 0.367483 0.392159 0.417527 0.443623 0.470485 0.498148 0.526651 0.556029 0.58632 0.61756 0.649787 0.683038 0.71735 0.75276 0.789305 0.827022 0.86595 0.906126 0.947586 0.990369 1.03451 1.08005 1.12703 1.17548 1.22544 1.27695 1.33005 1.38478 1.44117 1.49926 1.55909 1.62071 1.68414 1.74943 
0 0.018845 0.0377268 0.0566822 0.0757479 0.0949607 0.114357 0.133975 0.15385 0.174019 0.19452 0.215388 0.236662 0.258378 0.280572 0.303283 0.326546 0.350399 0.37488 0.400024 0.42587 0.452455 0.479815 0.507988 0.537012 0.566924 0.597762 0.629562 0.662363 0.696202 0.731117 0.767145 0.804325 0.842695 0.882292 0.923154 0.96532 1.00883 1.05372 1.10002 1.14779 1.19704 1.24784 1.3002 1.35418 1.40981 1.46713 1.52617 1.58698 1.64961 1.71407 1.78043 
0 0.0192296 0.0384964 0.0578377 0.0772908 0.0968928 0.116681 0.136693 0.156966 0.177536 0.198443 0.219722 0.241411 0.263548 0.28617 0.309315 0.33302 0.357322 0.38226 0.407871 0.434192 0.461261 0.489117 0.517796 0.547337 0.577778 0.609157 0.641512 0.67488 0.709301 0.744812 0.781452 0.81926 0.858273 0.898531 0.940071 0.982934 1.02716 1.07278 1.11984 1.16838 1.21843 1.27005 1.32325 1.3781 1.43461 1.49284 1.55283 1.61461 1.67822 1.74371 1.81111 
0 0.0196141 0.0392659 0.0589932 0.0788335 0.0988246 0.119004 0.13941 0.16008 0.181052 0.202363 0.224052 0.246156 0.268713 0.291761 0.315338 0.339482 0.364232 0.389624 0.415698 0.442491 0.470042 0.498389 0.52757 0.557624 0.588589 0.620504 0.653408 0.687338 0.722334 0.758435 0.79568 0.834107 0.873756 0.914666 0.956876 1.00043 1.04535 1.0917 1.13951 1.18881 1.23965 1.29207 1.3461 1.4018 1.45919 1.51832 1.57923 1.64196 1.70655 1.77304 1.84147 
